3
12
10
10
layer0
node0
16 13.195948163978674
17 -3.985707607597872
18 4.054477757656265
19 -9.168989820500919
20 -6.793634243778712
21 6.262985992359208
12 -1.7694913873383473
13 4.608668908551214
14 4.280337417917371
15 -1.685977250404832
node1
16 -44.39755083788463
17 10.505719796554741
18 4.92653314736879
19 5.991960209737091
20 -5.3082639002099485
21 -40.66417609080973
12 37.50627725099943
13 4.65007839020011
14 4.2544753668776245
15 -29.725780268317216
node2
16 17.77751439963911
17 7.888500808955516
18 3.4367388424533143
19 14.161010040535388
20 -7.167218125668954
21 26.200236873003295
12 -42.80137399017416
13 3.3632607098260006
14 3.6058693826935357
15 51.520427695774366
node3
16 12.695396177733887
17 8.775853435925159
18 4.224363847090108
19 -6.398011405082943
20 -19.660295385311684
21 22.587803484793703
12 -10.772500158600671
13 3.632367122564678
14 3.6554675620488606
15 15.483977785175616
node4
16 21.910664776439404
17 -4.329017524278259
18 2.4685987002358694
19 -3.5649542073448846
20 52.42469215128515
21 10.778601983417227
12 20.731597987818006
13 3.018852509522411
14 2.7639569153429413
15 2.8834326059105964
node5
16 11.725759265621452
17 -17.726726515903938
18 2.860470966811923
19 -11.215255910170102
20 0.8321770419751022
21 -2.8442661869559127
12 -3.7249004414415783
13 3.1865805218087804
14 3.422410524979698
15 5.00053348790636
node6
16 -19.900746626424226
17 15.963814779902892
18 3.0664137357657513
19 8.960742613816493
20 -4.082613209637539
21 0.8375166240790496
12 -3.197147916004653
13 3.409142190628877
14 2.7313406707798134
15 -3.923990362474468
node7
16 3.6687712154905303
17 -0.970641428123053
18 3.690805005829724
19 18.21004100841767
20 -30.89028620704819
21 0.6870657223182417
12 -29.271940475442822
13 4.401748278714586
14 4.115852406569744
15 -3.992362267337059
node8
16 2.3823686490502554
17 -2.1316410629488693
18 3.0677685664990246
19 -10.680270850737704
20 9.578222647967246
21 5.225397325321259
12 -0.17317745059460127
13 2.8754875005208738
14 3.617196701133763
15 -2.811142674617365
node9
16 2.9875093266941857
17 11.173157762976237
18 2.770114760130768
19 0.41788795187312433
20 40.861903250970826
21 -14.116968270111485
12 38.62617495927742
13 2.7006463740264137
14 2.8962783227242417
15 -45.14559546627479
node10
16 -25.55893130579658
17 5.966758502115486
18 1.453772823063845
19 -25.89005955808316
20 -8.985530658196392
21 -5.253498557504625
12 4.153218836854417
13 0.6971902416613744
14 1.3277457899590523
15 26.322133404311547
node11
16 8.223336027600531
17 -4.6059384053256345
18 1.2993801354778043
19 26.885436308058637
20 -1.8073473217591385
21 1.8760110969002384
12 -17.174774430315203
13 0.606940503936347
14 1.7261480020097038
15 0.36383673547060724
layer1
node12
22 26.487623083390954
23 27.19846866080985
24 -19.903428003790356
25 -2.5926175066257104
26 -15.82430306742444
27 -20.916637103139653
28 25.38478308705669
29 12.332282235438655
30 -36.68620947288731
31 -13.087316381394153
node13
22 -8.863468999373122
23 -29.69278960975078
24 -13.550139763269623
25 -18.96918877577914
26 -26.325297240435326
27 26.538495418747083
28 -18.552936144669783
29 -11.46672166102125
30 -15.060082483700207
31 -0.04307284819452125
node14
22 -9.014504162198518
23 -29.212334699652438
24 -12.55129844245986
25 -18.539443932921976
26 -26.590993192427963
27 24.922609835543263
28 -19.384554359312286
29 -11.271772594661241
30 -15.226235680048909
31 -0.1761569478628175
node15
22 24.99514018808146
23 39.99189380830767
24 39.14020188705218
25 -7.084923313748602
26 11.28288347581846
27 -82.16694140740063
28 -36.239690434640195
29 10.911418349547537
30 47.33280935236025
31 -7.8053089603624946
node16
22 -29.387106779306908
23 -1.7732800693527568
24 30.280506962093945
25 -27.061828367193634
26 14.50475674537365
27 -14.514238552330935
28 26.14138118162016
29 -15.376369127378087
30 -13.309728994818967
31 2.7190428101109183
node17
22 -6.475491144208783
23 -27.500024014698386
24 9.41858367285895
25 34.108759298173815
26 -2.1876167741439914
27 -3.7882339061610564
28 7.894987607385527
29 -8.698923833047633
30 -10.421124678076227
31 -32.42716955020801
node18
22 -8.072110052432036
23 -28.00609998810791
24 -12.899438636046767
25 -17.331817167053146
26 -25.495421493956346
27 22.64643816496163
28 -18.08397848012673
29 -9.474223735749748
30 -13.9984261954897
31 -2.3022204941862494
node19
22 21.203271675443794
23 48.48136465349826
24 -46.47463171146984
25 -24.524042027440352
26 -0.8030760512485366
27 0.18727168147157178
28 1.6968409465660816
29 -34.49676298174964
30 2.532956371002424
31 4.605786083269369
node20
22 -62.421011295180456
23 -46.91499692951186
24 -14.578409180017756
25 -14.16343384170484
26 26.89742858276704
27 -7.625823146443782
28 12.56947308164596
29 26.72353185921427
30 50.26521186510088
31 -22.80799710744655
node21
22 -14.788406296478625
23 67.79656894509831
24 -28.071047609594107
25 66.9227535814825
26 35.37133957234018
27 -51.12737140823449
28 15.628712887997084
29 29.110879714392652
30 -35.74330452883201
31 8.483841740906996
layer2
node22
node23
node24
node25
node26
node27
node28
node29
node30
node31
