3
4
3
3
layer0
node0
4 0.21609852489635625
5 0.8497602948272267
6 0.5943970306641125
node1
4 0.9057068086253532
5 0.6840771910980776
6 0.30484589623905484
node2
4 0.24999347156443796
5 0.6946716096744954
6 0.17964395385866821
node3
4 1.001197049118359
5 0.4613787925146079
6 0.4539568470617825
layer1
node4
7 -0.9400147879167072
8 -1.0762535253753784
9 0.773107909439389
node5
7 -0.8488908150565051
8 -0.8485436762838903
9 1.115110396585329
node6
7 -1.2318110216021032
8 -0.6516175120436373
9 0.636794914284962
layer2
node7
node8
node9
